Inference for Bugs model at "/work/xbouteiller/pheno_all/mod_inter.txt", fit using jags,
 4 chains, each with 20000 iterations (first 10000 discarded), n.thin = 10
 n.sims = 4000 iterations saved
           mu.vect sd.vect      2.5%       25%       50%       75%     97.5%
QST          0.177   0.061     0.086     0.133     0.168     0.210     0.321
aMet         0.000   0.000     0.000     0.000     0.000     0.000     0.000
b0           0.025   0.002     0.020     0.024     0.025     0.027     0.030
b1[1]       -0.002   0.000    -0.003    -0.003    -0.002    -0.002    -0.002
b1[2]        0.004   0.000     0.004     0.004     0.004     0.004     0.005
b1[3]       -0.002   0.000    -0.002    -0.002    -0.002    -0.001    -0.001
b2[1]        0.000   0.001    -0.002    -0.001     0.000     0.001     0.002
b2[2]        0.000   0.001    -0.002    -0.001     0.000     0.001     0.002
b3[1]        0.001   0.002    -0.002     0.000     0.001     0.002     0.005
b3[2]        0.001   0.002    -0.002     0.000     0.001     0.003     0.005
b3[3]       -0.003   0.002    -0.006    -0.004    -0.003    -0.001     0.001
b3[4]        0.002   0.002    -0.002     0.001     0.002     0.003     0.006
b3[5]       -0.001   0.002    -0.004    -0.002    -0.001     0.001     0.003
b3[6]       -0.003   0.002    -0.007    -0.005    -0.003    -0.002     0.001
b3[7]       -0.002   0.002    -0.006    -0.003    -0.002    -0.001     0.002
b3[8]        0.000   0.002    -0.003    -0.001     0.000     0.002     0.004
b3[9]       -0.002   0.002    -0.006    -0.003    -0.002    -0.001     0.002
b3[10]       0.004   0.002     0.001     0.003     0.004     0.006     0.008
b3[11]       0.000   0.002    -0.004    -0.002     0.000     0.001     0.003
b3[12]      -0.002   0.002    -0.006    -0.003    -0.002    -0.001     0.002
b3[13]       0.000   0.002    -0.004    -0.001     0.000     0.001     0.004
b3[14]       0.003   0.002    -0.001     0.001     0.003     0.004     0.006
b3[15]      -0.002   0.002    -0.006    -0.003    -0.002    -0.001     0.001
b3[16]      -0.001   0.002    -0.005    -0.003    -0.001     0.000     0.002
b3[17]       0.003   0.002    -0.001     0.001     0.003     0.004     0.006
b3[18]       0.003   0.002    -0.001     0.002     0.003     0.004     0.007
b3[19]      -0.001   0.002    -0.005    -0.002    -0.001     0.000     0.003
b3[20]       0.000   0.002    -0.003    -0.001     0.000     0.002     0.004
varF         0.000   0.000     0.000     0.000     0.000     0.000     0.000
varINT       0.000   0.000     0.000     0.000     0.000     0.000     0.000
varP         0.000   0.000     0.000     0.000     0.000     0.000     0.000
varpop       0.000   0.000     0.000     0.000     0.000     0.000     0.000
vartree      0.000   0.000     0.000     0.000     0.000     0.000     0.000
deviance -8857.649  20.922 -8896.752 -8872.193 -8858.589 -8843.758 -8815.584
          Rhat n.eff
QST      1.001  4000
aMet     1.002  1900
b0       1.002  2400
b1[1]    1.001  4000
b1[2]    1.002  1600
b1[3]    1.001  4000
b2[1]    1.002  1600
b2[2]    1.002  1600
b3[1]    1.001  2900
b3[2]    1.001  2600
b3[3]    1.001  4000
b3[4]    1.002  1300
b3[5]    1.001  4000
b3[6]    1.002  2200
b3[7]    1.001  4000
b3[8]    1.001  4000
b3[9]    1.003  1100
b3[10]   1.001  4000
b3[11]   1.001  3500
b3[12]   1.001  4000
b3[13]   1.002  1300
b3[14]   1.001  3000
b3[15]   1.002  1500
b3[16]   1.002  1900
b3[17]   1.001  4000
b3[18]   1.001  2600
b3[19]   1.001  4000
b3[20]   1.001  2700
varF     1.001  3500
varINT   1.003   840
varP     1.001  4000
varpop   1.001  4000
vartree  1.001  3500
deviance 1.001  4000

For each parameter, n.eff is a crude measure of effective sample size,
and Rhat is the potential scale reduction factor (at convergence, Rhat=1).

DIC info (using the rule, pD = var(deviance)/2)
pD = 218.9 and DIC = -8638.7
DIC is an estimate of expected predictive error (lower deviance is better).
